25
0.0000000000000000
0.0202212770000000
0.0465633460000000
0.0726391840000000
0.0984086970000000
0.1248600000000000
0.1499133850000000
0.1745267200000000
0.1997611910000000
0.2143109720000000
0.2510544850000000
0.2747242300000000
0.3014248450000000
0.3250724930000000
0.3505840810000000
0.3741145780000000
0.3982121300000000
0.4215168170000000
0.4467990630000000
0.4712783270000000
0.4963718940000000
0.5190486030000000
0.5422515000000000
0.5692158620000000
0.5919810720000001
0
20
40
60
80
100
120
140
160
180
200
220
240
260
280
300
320
340
360
380
400
420
440
460
480